890 
ASUS02 KWBC 270300
CODSUS

CODED SURFACE FRONTAL POSITIONS
NWS HYDROMETEOROLOGICAL PREDICTION CENTER CAMP SPRINGS MD
1230 AM EDT WED APR 27 2011

VALID 042703Z
HIGHS 1028 5380726 1025 4051274 1021 4421176 1010 7070756 1002 3530905 1013
4160759 1013 7011386 1015 6021033
LOWS 997 4540886 994 3451006 1006 5401095 1010 4991403 984 6120538 984 6490410
1002 7051026 1023 3731340 1004 6131225 992 3140978 994 3350947 1010 4310747
1007 6411379 1007 6521487 1010 5710969
TROF 3281006 3201006 3001017 2871019 2721019 2551015 2371009 2190999 2000986
1900963 1870939 1850915
TROF 4981403 4691372 4321365
COLD 6320413 6160382 5870371 5540401 5100467 4770540 4670592
OCFNT 6150542 6280504 6350454 6320412
OCFNT 6510410 6650371 6720314
TROF 6110541 6050560 6000601 6040644
COLD 7051030 7141217 7271427 7541685
TROF 3401140 3611169 3971196
TROF 3391180 3461196 3591210
COLD 3451005 3321018 3251044 3281073 3381103
COLD 3721341 3661350 3631364
WARM 3721339 3691331 3631323
STNRY 5700970 5711001 5701042 5721114 5781173 6061211 6121224
TROF 5011191 4801190 4601198
STNRY 6131225 6261271 6321342 6401376
OCFNT 4530886 4560878 4560865 4540856
TROF 3390918 3420907 3490896 3590889
STNRY 3150970 3140976 3130978
TROF 3130979 3070983 3010992 2941000 2871005
COLD 3130979 3130986 3160993 3220998
TROF 3461006 3621013 3851018
COLD 3340947 3270949 3220953 3170961 3150971
TROF 3350928 3270930 3230934 3200940 3190946
STNRY 3220998 3260999 3401001 3441006
STNRY 3780895 3630915 3470928 3410943 3350948
TROF 4520887 4360895 4220907 4120928 4080946
COLD 4540856 4450847 4280847 4090858 3930874 3830887 3780895
WARM 4540856 4530846 4490831 4480810 4350807 4310795 4350768 4320756
STNRY 4310747 4310751 4320756
STNRY 4320540 4370614 4240693 4210716 4270732 4300740 4310747
TROF 4260740 4200745 4100756 4050767 4010776
TROF 5401092 5251078 5061070 4861077
TROF 3951028 4251043 4701054
TROF 4241076 4231102 4281132
STNRY 6401378 6481405 6531442 6511484
TROF 6511490 6681565 6901637
STNRY 5470913 5530943 5640957 5700970

$$