773 
ASUS02 KWBC 270000
CODSUS

CODED SURFACE FRONTAL POSITIONS
NWS HYDROMETEOROLOGICAL PREDICTION CENTER CAMP SPRINGS MD
934 PM EDT TUE APR 26 2011

VALID 042700Z
HIGHS 1002 3510903 1013 6291104 1010 7200677 1026 3381303 1027 4031277 1027
5300712
LOWS 989 3180977 989 3541016 992 3360956 995 4480896 1007 4320754 1005 6491393
1006 6531490 1004 6211253 1005 5391093 984 6160541 986 6450400 1010 4961422
1011 5451400 1000 7061031 1009 5800969 1019 4450590 1005 5151075 995 4520874
TROF 2600989 2380989 2120981 1900955 1800925
TROF 2630988 2740987 2950988
TROF 3420904 3430903 3460901 3470900 3490898 3510895 3540893
TROF 3180977 3060987 2970996 2881006
STNRY 3180978 3190983 3210989 3260998 3351006 3421010 3491013 3541016
WARM 3360956 3370953 3390945 3410940
STNRY 3350956 3310956 3270958 3220964 3200968 3190978
STNRY 3860893 3810901 3730910 3590923 3470932 3440936 3410940
COLD 4520874 4430869 4300868 4160869 4040873 3940883 3870893
WARM 4520873 4510865 4500857 4490848 4490838 4500818 4480810 4450808 4390810
4330809 4310803
TROF 4160764 4030777 3880793
STNRY 4440591 4400604 4400625 4380650 4350663 4270683 4220701 4200708 4210717
4240722 4270726 4300731
WARM 4320753 4320745 4310738 4300731
STNRY 4320754 4300763 4300772 4310781 4300796 4310804
TROF 4480805 4450798 4390786 4350775
TROF 3421179 3421186 3441195 3511205
TROF 3941199 3821191 3711182 3611170 3521156 3451143 3391123 3371106
TROF 6521491 6491528 6471586 6391617
STNRY 6491391 6531422 6521464 6521489
STNRY 6211253 6311282 6351329 6381357 6481390
STNRY 5800974 5750997 5701027 5691075 5711104 5721125 5731167 5921198 6051217
6201253
OCFNT 6160542 6220522 6250497 6270469 6260414
OCFNT 6450400 6570371 6650331
STNRY 4090528 4200538 4320553 4390569 4410577 4440589
COLD 6260414 6120388 5960375 5760381 5620395 5430422 5270450 5020496 4900521
4760572
TROF 6100549 6050589 6130621
TROF 4941421 4841403 4641388 4411385
WARM 3751358 3711344 3671334 3621326
COLD 7061036 7191167 7261269 7311348 7341418 7451535 7581670 7631728
WARM 5800967 5750952 5640939
TROF 6050952 5900962 5810969
TROF 5391092 5301082 5151075
TROF 4401048 4721064 4861072 4941079
COLD 3541016 3461023 3371034 3341047 3351057
STNRY 3351058 3361064 3371073 3421082 3521092 3571101
TROF 3541016 3581020 3641023 3731026
TROF 4121033 3971036 3791036
TROF 4181061 4261075 4281087 4251102 4221111
TROF 3211059 3241041 3291024
TROF 5061082 5101077 5141075
TROF 4631195 4731195 4911189 5021187
OCFNT 4480896 4480896 4520889 4530881 4520874

$$