112 
ASUS01 KWBC 270431
CODSUS

CODED SURFACE FRONTAL POSITIONS
NWS HYDROMETEOROLOGICAL PREDICTION CENTER CAMP SPRINGS MD
1230 AM EDT WED APR 27 2011

VALID 042703Z
HIGHS 1028 5473 1025 41127 1021 44118 1010 7176 1002 3591 1013 4276 1013
70139 1015 60103
LOWS 997 4589 994 35101 1006 54109 1010 50140 984 6154 984 6541 1002 71103
1023 37134 1004 61123 992 3198 994 3395 1010 4375 1007 64138 1007 65149 1010
5797
TROF 33101 32101 30102 29102 27102 25102 24101 22100 2099 1996
1994 1891
TROF 50140 47137 43136
COLD WK 6341 6238 5937 5540 5147 4854 4759
OCFNT WK 6254 6350 6345 6341
OCFNT WK 6541 6737 6731
TROF 6154 6056 6060 6064
COLD WK 70103 71122 73143 75169
TROF 34114 36117 40120
TROF 34118 35120 36121
COLD WK 34101 33102 32104 33107 34110
COLD WK 37134 37135 36136
WARM WK 37134 37133 36132
STNRY WK 5797 57100 57104 57111 58117 61121 61122
TROF 50119 48119 46120
STNRY WK 61122 63127 63134 64138
OCFNT WK 4589 4688 4687 4586
TROF 3492 3491 3590 3689
STNRY WK 3297 3198 3198
TROF 3198 3198 3099 29100 29101
COLD WK 3198 3199 3299 32100
TROF 35101 36101 38102
COLD WK 3395 3395 3295 3296 3297
TROF 3393 3393 3293 3294 3295
STNRY WK 32100 33100 34100 34101
STNRY WK 3890 3692 3593 3494 3395
TROF 4589 4489 4291 4193 4195
COLD WK 4586 4585 4385 4186 3987 3889 3890
WARM WK 4586 4585 4583 4581 4481 4379 4377 4376
STNRY WK 4375 4375 4376
STNRY WK 4354 4461 4269 4272 4373 4374 4375
TROF 4374 4274 4176 4077 4078
TROF 54109 53108 51107 49108
TROF 39103 42104 47105
TROF 42108 42110 43113
STNRY WK 64138 65141 65144 65148
TROF 65149 67156 69164
STNRY WK 5591 5594 5696 5797

$$