787 
ASUS01 KWBC 271628
CODSUS

CODED SURFACE FRONTAL POSITIONS
NWS HYDROMETEOROLOGICAL PREDICTION CENTER CAMP SPRINGS MD
1228 PM EDT WED APR 27 2011

VALID 042715Z
HIGHS 1023 42113 1029 5264 1026 77156 1016 6094 1018 59155
LOWS 998 2498 1020 38131 1006 60119 993 4286 994 3593 1003 8098 1010 66142
1007 55107 990 5947 1007 51133 999 4589 1003 6989 994 6345
COLD WK 3593 3493 3294 3195 2996 2996 2896 2797 2697 2599
26100 27102 29103 30106 30108 30110 31112 32113 33114
TROF 3490 3490 3489 3588 3588
COLD WK 6989 6891 6895 68102 68107 69114 70123 71134
COLD WK 38131 37131 36132 35134
WARM WK 38131 38129 38127
COLD WK 6132 5933 5734 5435 5236 5138
TROF 36121 35120 33119 33118
TROF 55107 54107 52108 51109 50110 49110 48110 47110
TROF 5299 5098 4998 4897 4795 4694 4592
TROF 39104 38104 36103 35102 35101 3499 3498
TROF 42122 40121 38119 36116
STNRY WK 59119 61122 63127 64133 66142
STNRY WK 66142 67146 67149 68152 69154 68156 68158 67159 67159 66161
65163
STNRY WK 5793 5796 5699 56102 56103 57106 58110 59116 59119
TROF 54137 53135 52134 50133 48132 46131
TROF 5947 5847 5747 5648 5549
STNRY WK 4286 4186 4087 3987 3889 3790 3692 3593
WARM WK 4684 4782 4780 4778 4677 4675 4673 4672 4571 4570
4470 4469
STNRY WK 4684 4684 4584 4485 4286
STNRY WK 4356 4458 4460 4462 4465 4466 4468 4469
TROF 3784 3684 3583 3483
OCFNT WK 4589 4688 4786 4785 4784 4684
TROF 4281 4380 4478 4476 4475
TROF 8098 7892 7790 7489
TROF 7759 7352 7051 6648
OCFNT WK 6345 6541 6537 6534 6432 6232 6132

$$