664 
ASUS02 KWBC 270600
CODSUS

CODED SURFACE FRONTAL POSITIONS
NWS HYDROMETEOROLOGICAL PREDICTION CENTER CAMP SPRINGS MD
330 AM EDT WED APR 27 2011

VALID 042706Z
HIGHS 1029 5240649 1021 4051148 1021 4491158 1013 4871033 1015 6121035 1026
4041277 1028 3331307 1004 3250915 1003 3570899
LOWS 1007 6491398 1007 5441087 1002 6950966 1008 6661522 998 4610871 993
3200971 994 2840993 1004 6161228 1010 5630961 998 3750890 988 6030532 988
6520435 1021 3711329 1010 5391377 1009 4951378 998 4490888 1006 3450990
TROF 2911008 2821015 2691017 2581011 2460995 2340991 2180988 2030978 1930960
1860947 1800927 1670901 1560875 1500849
OCFNT 6510434 6600403 6690345 6640308
COLD 6430391 6400356 6220335 5900348 5210422 4820480
COLD 3711331 3661340 3581360
WARM 3721328 3671315 3581297
TROF 4911187 4731190 4561200 4441216
TROF 3381184 3471197 3641210
TROF 3451144 3571163 3811184 4111201
COLD 7191374 7361533 7551715
COLD 6950970 7031104 7131271 7201378
TROF 6921648 6761580 6641522
STNRY 5641032 5681072 5691114 5781164 6041202 6161228
TROF 3460995 3881026 4431047
WARM 4540850 4550837 4520813 4520798 4500777 4420763 4330753 4300734 4260719
4220713 4220701 4320677 4400645 4390605 4380577 4290547
OCFNT 4610872 4590860 4540849
COLD 3200972 3130982 3071004 3101025 3221047 3251077 3351106
COLD 4540849 4420844 4210847 3920868 3800883
STNRY 3750890 3640912 3460927 3380940 3320955 3300957 3270963 3240968 3200971
TROF 3130982 3060985 3010991 2950999 2901003 2871005
TROF 4251078 4241103 4301138 4341158
STNRY 6161229 6261269 6331351 6501400
TROF 6100542 6380542 6630523
COLD 5630963 5610992 5641033
TROF 5940529 5860543 5800566 5850614
STNRY 5600904 5610922 5640947 5620964
TROF 5391376 5311348 5171311
TROF 4941376 4861355 4741339 4601328
TROF 5421087 5231091 5001102 4841118
STNRY 6491397 6531411 6591476 6651523
OCFNT 4490888 4530885 4560881 4590876 4610871
TROF 4500887 4360895 4250905 4180917
TROF 3230924 3210929 3170934 3150938 3140943 3120949
STNRY 3800883 3760887 3750890
TROF 3360905 3280906 3210911 3170916
TROF 3660877 3560884 3470895 3400908
TROF 4200738 4140742 4060749
TROF 4750953 4950974 5230992

$$