202 
ASUS01 KWBC 270130
CODSUS

CODED SURFACE FRONTAL POSITIONS
NWS HYDROMETEOROLOGICAL PREDICTION CENTER CAMP SPRINGS MD
930 PM EDT TUE APR 26 2011

VALID 042700Z
HIGHS 1002 3590 1013 63110 1010 7268 1026 34130 1027 40128 1027 5371
LOWS 989 3298 989 35102 992 3496 995 4590 1007 4375 1005 65139 1006 65149
1004 62125 1005 54109 984 6254 986 6440 1010 50142 1011 55140 1000 71103 1009
5897 1019 4459 1005 51107
TROF 2699 2499 2198 1995 1892
TROF 2699 2799 3099
TROF 3490 3490 3590 3590 3590 3589 3589
TROF 3298 3199 30100 29101
STNRY WK 3298 3298 3299 33100 33101 34101 35101 35102
WARM WK 3496 3495 3494 3494
STNRY WK 3496 3396 3396 3296 3297 3298
STNRY WK 3989 3890 3791 3692 3593 3494 3494
COLD WK 4587 4487 4387 4287 4087 3988 3989
WARM WK 4587 4587 4586 4585 4584 4582 4581 4481 4481 4381
4380
TROF 4276 4078 3979
STNRY WK 4459 4460 4462 4465 4366 4368 4270 4271 4272 4272
4373 4373
WARM WK 4375 4375 4374 4373
STNRY WK 4375 4376 4377 4378 4380 4380
TROF 4580 4480 4479 4478
TROF 34118 34119 34120 35120
TROF 39120 38119 37118 36117 35116 34114 34112 34111
TROF 65149 65153 65159 64162
STNRY WK 65139 65142 65146 65149
STNRY WK 62125 63128 64133 64136 65139
STNRY WK 5897 58100 57103 57107 57110 57113 57117 59120 61122 62125
OCFNT WK 6254 6252 6250 6347 6341
OCFNT WK 6440 6637 6733
STNRY WK 4153 4254 4355 4457 4458 4459
COLD WK 6341 6139 6037 5838 5640 5442 5345 5050 4952 4857
TROF 6155 6059 6162
TROF 49142 48140 46139 44138
WARM WK 38136 37134 37133 36133
COLD WK 71104 72117 73127 73135 73142 75153 76167 76173
WARM WK 5897 5795 5694
TROF 6195 5996 5897
TROF 54109 53108 52108
TROF 44105 47106 49107 49108
COLD WK 35102 35102 34103 33105 33106
STNRY WK 33106 34106 34107 34108 35109 36110
TROF 35102 36102 36102 37103
TROF 41103 40104 38104
TROF 42106 43107 43109 43110 42111
TROF 32106 32104 33102
TROF 51108 51108 51108
TROF 46119 47119 49119 50119
OCFNT WK 4590 4590 4589 4588 4587

$$