825 
ASUS01 KWBC 271320
CODSUS

CODED SURFACE FRONTAL POSITIONS
NWS HYDROMETEOROLOGICAL PREDICTION CENTER CAMP SPRINGS MD
920 AM EDT WED APR 27 2011

VALID 042712Z
HIGHS 1023 42114 1029 5365 1016 6198 1027 4856 1026 78155
LOWS 994 4087 992 3594 1003 6991 1006 60118 1010 66143 1007 54107 997 3196
1000 4688 990 5949 992 6345 1020 37131 1008 49133 1010 54136
COLD WK 3196 3096 3097 2898 2799 27100 27100 28102 29102 29103
30104 30105 31107 31109 32111 33112 34114 35115
TROF 4085 4085 3985 3985 3985 3885 3885 3786 3686 3686
3586 3586 3486 3486 3486 3386 3287 3287 3288
TROF 3493 3492 3492 3491 3491 3491 3490
COLD WK 6991 6993 6996 6999 69104 69110 70115 70122 71128 72135
TROF 40120 37118 36117 35116
TROF 41104 38103 36102 35100 3498
TROF 5198 4996 4795 4592
STNRY WK 60118 60121 62126 64132 65138 66143
STNRY WK 66143 67145 68149 68154 67158 66160
STNRY WK 5791 5695 5698 57102 57103 57104
WARM WK 59118 59116 58112 58109 57106 57104
TROF 54107 53107 51107 50108 48111
STNRY WK 3594 3494 3395 3295 3196
OCFNT WK 4688 4688 4686 4685 4684
COLD WK 4684 4583 4483 4384 4284 4185
WARM WK 4087 4086 4186 4185
STNRY WK 4087 3987 3889 3790 3791 3692 3593 3594
WARM WK 4684 4683 4682 4681 4680 4678 4677 4576 4574 4473
4373
TROF 4688 4587 4487 4487 4388
TROF 2599 2499 2398 2197 2096
STNRY WK 4357 4359 4361 4465 4468 4469 4469 4370 4370 4370
4271 4272 4372 4373 4373
OCFNT WK 6345 6444 6543 6539 6536 6533 6432 6332 6232
COLD WK 6232 6132 6133 6034 5735 5536 5337 5039
TROF 5950 5949 5848 5648 5549 5450
TROF 6547 6748 7050 7451 7652
WARM WK 37131 37129 37128
COLD WK 37132 35134
TROF 54136 53135 51134 49133

$$