135 
ASUS01 KWBC 271919
CODSUS

CODED SURFACE FRONTAL POSITIONS
NWS HYDROMETEOROLOGICAL PREDICTION CENTER CAMP SPRINGS MD
318 PM EDT WED APR 27 2011

VALID 042718Z
HIGHS 1023 41113 1019 60154 1028 76157 1028 5262 1016 6092
LOWS 998 2397 1003 80103 992 4483 993 3692 1005 59115 1006 55106 997 4588
1011 66139 1004 6987 993 5845 998 6135 994 6449 1017 4560 997 7547 1007 50131
1010 53134 1022 37130 1012 38103
TROF 28111 31113 32115 33116 34118 35120 37122
TROF 2994 2895 2696 2597 2497 2397 2196 1994
COLD WK 3692 3493 3494 3396 3297 3299 32102 32104 32106 33108
STNRY WK 3888 3889 3790 3691 3692
STNRY WK 5694 5695 5698 56102 57106 57109 58113 59115
COLD WK 4484 4284 4185 4086 3888
OCFNT WK 4588 4688 4686 4685 4584 4484
TROF 4382 4381 4379 4377 4475
TROF 4998 4896 4693 4691 4589
TROF 55106 54107 53109 53110 53111 53113 52114 52115
STNRY WK 59115 59117 61122 63128 65133 66139
STNRY WK 66139 66143 67146 67149 68153 68156 67159 66160 66160
COLD WK 6987 6989 6891 6894 6898 68102 68107 69113 70121 70130
TROF 3592 3592 3392 3292 3193 3094
TROF 79103 7997 7792 7590
TROF 5845 5844 5743 5644 5545 5545
TROF 6849 7050 7349 7548
WARM WK 37130 37128 37126
STNRY WK 4356 4459 4561 4463 4465 4466 4467 4468 4469 4470
4570 4571 4672 4574 4576 4677 4679 4680 4682 4582
4483
OCFNT WK 6449 6549 6748 6844 6834
STNRY WK 6532 6434 6235 6135
COLD WK 6135 5934 5633 5433 5234
COLD WK 37130 36130 35131 35132 34133
TROF 48138 46139 45140 44141
TROF 41104 39104 38103 36103
TROF 45120 43121 41121 39120 38119 36117

$$