518 
ASUS02 KWBC 271200
CODSUS

CODED SURFACE FRONTAL POSITIONS
NWS HYDROMETEOROLOGICAL PREDICTION CENTER CAMP SPRINGS MD
920 AM EDT WED APR 27 2011

VALID 042712Z
HIGHS 1023 4161137 1029 5310652 1016 6050984 1027 4830556 1026 7801550
LOWS 994 4000865 992 3480940 1003 6900909 1006 5961183 1010 6591429 1007
5431072 997 3120959 1000 4610883 990 5880495 992 6320447 1020 3711314 1008
4931333 1010 5371362
COLD 3120960 3030964 2950969 2840978 2750986 2710996 2721005 2771015 2861025
2901030 2971039 3031053 3091075 3131094 3221109 3301123 3401136 3521145
TROF 4040848 3990847 3940846 3900848 3860851 3800851 3750853 3700855 3640857
3590857 3550858 3490861 3440862 3410859 3370858 3300861 3250866 3210872 3160875

TROF 3350929 3380925 3380919 3410915 3430911 3430906 3420901
COLD 6900910 6880934 6870960 6870994 6891044 6921101 6971155 7051217 7101279
7161347
TROF 3981195 3731180 3621172 3461161
TROF 4061040 3841032 3641018 3511002 3410977
TROF 5130981 4880963 4680945 4480917
STNRY 5961184 6051210 6191256 6351324 6481380 6591429
STNRY 6591429 6661450 6771493 6831537 6741578 6591595
STNRY 5670913 5640945 5620985 5661019 5681031 5691041
WARM 5951182 5891158 5841125 5791092 5721056 5691040
TROF 5431073 5301072 5151074 5011084 4831107
STNRY 3470940 3410944 3320948 3210954 3120960
OCFNT 4610884 4640877 4650862 4620849 4580840
COLD 4570840 4500834 4400832 4300837 4210844 4140852
WARM 4010866 4040863 4080860 4130852
STNRY 4010865 3940874 3830888 3750898 3670912 3590924 3530931 3470940
WARM 4570841 4570834 4580821 4600811 4640799 4650785 4590769 4530756 4500743
4440733 4340729
TROF 4580881 4520874 4440872 4380873 4340875
TROF 2490991 2360988 2260985 2120974 2010963
STNRY 4250568 4290587 4340612 4390651 4410681 4400687 4370693 4350696 4290700
4260704 4230709 4230717 4270724 4310728 4350730
OCFNT 6320449 6380443 6460430 6540393 6550362 6520335 6420319 6310315 6170320
COLD 6170320 6120323 6060328 5950336 5750351 5520360 5320370 5050391
TROF 5890497 5860489 5760480 5640479 5510491 5440501
TROF 6500472 6680482 6980499 7400511 7620516
WARM 3701315 3751293 3741277
COLD 3701315 3551337
TROF 5371362 5251351 5071340 4921334

$$