572 
ASUS02 KWBC 270900
CODSUS

CODED SURFACE FRONTAL POSITIONS
NWS HYDROMETEOROLOGICAL PREDICTION CENTER CAMP SPRINGS MD
630 AM EDT WED APR 27 2011

VALID 042709Z
HIGHS 1029 5240647 1022 4041149 1014 4831034 1015 6071001 1005 3230904 1003
3970847
LOWS 994 3330950 1007 5451079 1015 4941191 1023 3741325 1009 5231358 1006
6151220 995 3410977 995 2860984 995 3080973 1011 5690911 994 3810893 995
3570940 999 4630881 1010 4490741 990 6570457 990 6290429 986 5930508 1003
6920941
TROF 2850984 2790987 2700991 2620997 2481000 2220992 2060977 1970954 1840925
1720896 1640871 1600843
STNRY 3181047 3231057 3251080 3331108
WARM 4470743 4420736 4320728 4260718 4300703 4390685 4440662 4460629 4410588
4270539
COLD 6910943 6931027 7021157 7191356
COLD 3080974 3030977 2960985 2920998 2941010 2991022 3051034 3181047 3181047
TROF 3410978 3470993 3631012 3921031 4221038
TROF 3411145 3591166 3881184 4241201
TROF 3341180 3431194 3541201
TROF 4921190 4731194 4561206 4451218
COLD 3731324 3631339 3511367
WARM 3731324 3661306 3561291
TROF 5221357 4911336 4521329
STNRY 6141221 6251261 6331337 6541437 6611509
STNRY 5690912 5620957 5661029 5631083 5721147 6071204 6151221
TROF 5431076 5191086 4921113
COLD 3310952 3220955 3150962 3100969
STNRY 3100969 3090972 3080973
STNRY 5620880 5660894 5680913
TROF 3830892 3930891 4060888
STNRY 3550940 3440944 3330950
TROF 3440880 3300885 3210895 3170907
STNRY 4230846 4090854 3970863 3880874 3830887 3810893
STNRY 3810893 3730906 3660925 3620934 3560940
TROF 3760852 3690856 3640865 3610873
OCFNT 4640882 4660873 4650858 4590847
COLD 4590847 4500842 4370841 4220846
WARM 4590847 4570826 4550793 4500771
TROF 4630882 4390883 4160895 4030909
TROF 4480922 4670949 5050985
TROF 4090839 4000838 3890843 3810852
STNRY 4480742 4470750 4470760 4510770
OCFNT 6320429 6450391 6400343 6210324
COLD 6210323 5770351 5160406 4600483
TROF 5870524 5790573 5840607

$$