725 
ASUS02 KWBC 272100
CODSUS

CODED SURFACE FRONTAL POSITIONS
NWS HYDROMETEOROLOGICAL PREDICTION CENTER CAMP SPRINGS MD
621 PM EDT WED APR 27 2011

VALID 042721Z
HIGHS 1028 5250631 1023 4111125 1019 6011532 1016 6000927 1029 7711600
LOWS 1000 1900967 992 3730899 989 4590830 1018 4470579 993 5870436 998 6260354
1022 3691287 1007 4951300 1010 5281359 999 4550887 1015 3981200 1005 5531037
1005 5881160 1004 6990831 1003 7881053 1011 6541397 996 6450491 997 7510469
1010 3741020 1006 5191074
COLD 3720899 3530899 3350905 3190914 2950930 2770940 2450957 2200975
TROF 3690878 3560879 3430885 3340893
STNRY 4080852 4020861 3900874 3810889 3720899
COLD 4590830 4440825 4270829 4150840 4080852
STNRY 4470580 4470595 4460619 4410646 4400648 4380671 4370687 4430697 4500707
4540724 4510743 4550762 4620780 4620798 4610816 4580830
STNRY 4340548 4400562 4470580
COLD 6260355 6080335 5700319 5390319 5130327
STNRY 6520314 6400335 6260355
COLD 3681288 3591298 3471316 3401334
WARM 3681288 3711279 3721266 3721260
TROF 4930978 4760958 4640935 4560901 4550888
TROF 4550886 4560869 4540851 4550839 4580832
TROF 3541205 3441189 3381176 3351168
TROF 3650902 3540910 3430922 3300942 3190959 3130978
TROF 3971199 3821185 3671172 3531157
TROF 3991201 4151206 4381206
TROF 4671114 4581124 4461147
TROF 4791374 4511394 4331413
COLD 5871160 5871181 6001222 6181260 6331305 6471363
STNRY 5590900 5630948 5630993 5581022 5531039
STNRY 5521039 5501062 5531086 5691110 5851131 5871161
STNRY 6990834 6850894 6800974 6861073 6901169 6941253 7041305
TROF 7881049 7770965 7490908
STNRY 6471360 6511383 6541398
STNRY 6541397 6601430 6711484 6771546 6731598
TROF 7510471 7290493 6960498 6760496
TROF 5880436 5750429 5570433 5470445
TROF 5491042 5361056 5221071 5171075
TROF 5161075 5051084 4891112

$$