330 
ASUS01 KWBC 271030
CODSUS

CODED SURFACE FRONTAL POSITIONS
NWS HYDROMETEOROLOGICAL PREDICTION CENTER CAMP SPRINGS MD
630 AM EDT WED APR 27 2011

VALID 042709Z
HIGHS 1029 5265 1022 40115 1014 48103 1015 61100 1005 3290 1003 4085
LOWS 994 3395 1007 54108 1015 49119 1023 37132 1009 52136 1006 62122 995 3498
995 2998 995 3197 1011 5791 994 3889 995 3694 999 4688 1010 4574 990 6646 990
6343 986 5951 1003 6994
TROF 2898 2899 2799 26100 25100 2299 2198 2095 1893 1790
1687 1684
STNRY WK 32105 32106 33108 33111
WARM WK 4574 4474 4373 4372 4370 4468 4466 4563 4459 4354
COLD WK 6994 69103 70116 72136
COLD WK 3197 3098 3099 29100 29101 30102 31103 32105 32105
TROF 3498 3599 36101 39103 42104
TROF 34115 36117 39118 42120
TROF 33118 34119 35120
TROF 49119 47119 46121 44122
COLD WK 37132 36134 35137
WARM WK 37132 37131 36129
TROF 52136 49134 45133
STNRY WK 61122 62126 63134 65144 66151
STNRY WK 5791 5696 57103 56108 57115 61120 61122
TROF 54108 52109 49111
COLD WK 3395 3296 3196 3197
STNRY WK 3197 3197 3197
STNRY WK 5688 5789 5791
TROF 3889 3989 4189
STNRY WK 3694 3494 3395
TROF 3488 3389 3290 3291
STNRY WK 4285 4185 4086 3987 3889 3889
STNRY WK 3889 3791 3792 3693 3694
TROF 3885 3786 3686 3687
OCFNT WK 4688 4787 4786 4685
COLD WK 4685 4584 4484 4285
WARM WK 4685 4683 4579 4577
TROF 4688 4488 4290 4091
TROF 4592 4795 5098
TROF 4184 4084 3984 3885
STNRY WK 4574 4575 4576 4577
OCFNT WK 6343 6439 6434 6232
COLD WK 6232 5835 5241 4648
TROF 5952 5857 5861

$$